31
0.250000000000000
54.830930955543224
28
0
14
20
17
7
23
4
12
22
1
18
21
11
16
9
5
24
13
15
19
30
29
6
8
25
3
28
10
9.439000000000000 2.882000000000000 0.000000000000000
8.307766319462003 2.632048302284089 0.000000000000000
6.987502469985482 0.748558141589488 0.000000000000000
5.767319153063732 1.234985307414614 0.000000000000000
3.202453446219292 1.563820985432924 0.000000000000000
2.913983201570189 1.938475228395208 0.000000000000000
4.699663071543685 3.550060290631718 0.000000000000000
3.774446308231916 5.466832643056789 0.000000000000000
1.299481302145324 4.404387974461895 0.000000000000000
1.406058312699475 5.314979040950846 0.000000000000000
1.482816321393391 6.449049126105209 0.000000000000000
0.424960238026449 7.744055212624150 0.000000000000000
3.767974070379882 9.499730291387046 0.000000000000000
4.992612615230525 8.161971652067042 0.000000000000000
6.088437163532442 8.391637030995202 0.000000000000000
7.392700261518232 7.784619816965860 0.000000000000000
6.975577003698593 5.553108247750065 0.000000000000000
10.311916354123133 5.057452066170276 0.000000000000000
11.092023052787768 6.572245752740865 0.000000000000000
13.457356842291839 6.371716188888239 0.000000000000000
13.814632924578179 6.818060798192845 0.000000000000000
14.210260336462627 8.058882584894173 0.000000000000000
15.353154203953666 8.504402329895850 0.000000000000000
15.140153448732743 5.303556239550163 0.000000000000000
15.258439787152513 4.800822286040227 0.000000000000000
13.602227947354226 0.259816223036126 0.000000000000000
10.851593803130775 0.220880426982873 0.000000000000000
10.263142357763378 3.081855188046584 0.000000000000000
